2019-11-25 14:15:44,865 - login - INFO - 执行登录接口开始
2019-11-25 14:15:44,865 - base_interface - INFO - 执行post请求开始
2019-11-25 14:15:45,816 - base_interface - INFO - 执行post请求成功
2019-11-25 14:15:45,883 - login - INFO - 执行登录接口开始
2019-11-25 14:15:45,883 - base_interface - INFO - 执行post请求开始
2019-11-25 14:15:46,431 - base_interface - INFO - 执行post请求成功
2019-11-25 14:15:46,481 - login - INFO - 执行登录接口开始
2019-11-25 14:15:46,481 - base_interface - INFO - 执行post请求开始
2019-11-25 14:15:46,702 - base_interface - INFO - 执行post请求成功
2019-11-25 14:15:46,728 - login - INFO - 执行登录接口开始
2019-11-25 14:15:46,729 - base_interface - INFO - 执行post请求开始
2019-11-25 14:15:46,901 - base_interface - INFO - 执行post请求成功
2019-11-25 14:15:46,929 - login - INFO - 执行登录接口开始
2019-11-25 14:15:46,929 - base_interface - INFO - 执行post请求开始
2019-11-25 14:15:47,146 - base_interface - INFO - 执行post请求成功
2019-11-25 14:15:47,174 - login - INFO - 执行登录接口开始
2019-11-25 14:15:47,175 - base_interface - INFO - 执行post请求开始
2019-11-25 14:15:47,357 - base_interface - INFO - 执行post请求成功
2019-11-25 14:15:47,400 - login - INFO - 执行登录接口开始
2019-11-25 14:15:47,401 - base_interface - INFO - 执行post请求开始
2019-11-25 14:15:47,613 - base_interface - INFO - 执行post请求成功
